100 100
1 3 6
1 3 3
1 3 8
1 3 4
1 4 5
1 4 3
1 4 2
1 4 7
1 4 6
1 5 7
1 7 3
1 8 2
1 8 5
1 8 8
1 8 4
1 9 4
1 10 6
1 10 2
1 11 5
1 12 6
1 12 10
1 12 9
1 13 6
1 13 3
1 13 1
1 14 8
1 15 9
1 15 1
1 15 2
1 15 3
1 15 6
1 16 10
1 16 5
1 16 7
1 16 3
1 16 4
1 17 8
1 17 7
1 18 7
1 18 10
1 18 3
1 19 9
1 19 5
1 19 10
1 20 1
1 20 5
1 21 9
1 21 10
1 21 1
1 21 6
1 22 7
1 23 4
1 23 6
1 24 2
1 24 6
1 24 7
1 25 9
1 25 7
1 25 5
1 25 3
1 25 2
1 28 6
1 28 3
1 29 7
1 29 8
1 30 4
1 30 3
1 30 8
1 31 5
1 31 7
1 32 4
1 32 2
1 34 9
1 34 4
1 34 5
1 34 7
1 34 8
1 35 9
1 36 4
1 36 10
1 36 8
1 37 2
1 38 7
1 39 8
1 39 5
1 39 4
1 40 1
1 40 8
1 40 3
1 40 5
1 40 2
1 41 4
1 41 2
1 41 10
1 41 5
1 42 7
1 42 4
1 42 8
1 42 9
1 42 10
100
19 29
44 74
34 50
5 9
14 69
73 97
33 90
51 55
76 89
62 94
39 53
3 23
10 24
8 22
72 84
56 63
51 84
56 87
46 57
28 84
17 90
12 79
23 85
36 68
63 65
56 89
48 79
61 62
33 84
5 42
6 38
5 64
32 86
7 25
89 92
58 65
12 15
57 99
75 79
20 89
49 69
1 34
17 43
20 47
68 69
3 9
9 83
66 83
20 93
72 87
17 47
52 73
19 100
2 98
19 70
68 84
41 79
15 97
2 31
62 92
23 41
57 59
1 93
45 93
20 62
14 81
22 38
67 86
29 53
17 19
32 46
69 97
25 84
9 81
44 62
11 41
41 63
22 79
5 28
30 71
5 22
22 27
47 74
18 24
15 20
5 73
21 85
21 87
6 55
41 54
37 70
67 77
6 68
3 53
58 60
69 85
24 61
53 93
50 87
9 84
