196 195
1 2
1 3
1 4
1 5
1 6
1 7
1 8
1 9
1 10
1 11
1 12
1 13
1 14
1 15
1 16
2 17
2 18
2 19
2 20
2 21
2 22
2 23
2 24
2 25
2 26
2 27
2 28
3 29
3 30
3 31
3 32
3 33
3 34
3 35
3 36
3 37
3 38
3 39
3 40
4 41
4 42
4 43
4 44
4 45
4 46
4 47
4 48
4 49
4 50
4 51
4 52
5 53
5 54
5 55
5 56
5 57
5 58
5 59
5 60
5 61
5 62
5 63
5 64
6 65
6 66
6 67
6 68
6 69
6 70
6 71
6 72
6 73
6 74
6 75
6 76
7 77
7 78
7 79
7 80
7 81
7 82
7 83
7 84
7 85
7 86
7 87
7 88
8 89
8 90
8 91
8 92
8 93
8 94
8 95
8 96
8 97
8 98
8 99
8 100
9 101
9 102
9 103
9 104
9 105
9 106
9 107
9 108
9 109
9 110
9 111
9 112
10 113
10 114
10 115
10 116
10 117
10 118
10 119
10 120
10 121
10 122
10 123
10 124
11 125
11 126
11 127
11 128
11 129
11 130
11 131
11 132
11 133
11 134
11 135
11 136
12 137
12 138
12 139
12 140
12 141
12 142
12 143
12 144
12 145
12 146
12 147
12 148
13 149
13 150
13 151
13 152
13 153
13 154
13 155
13 156
13 157
13 158
13 159
13 160
14 161
14 162
14 163
14 164
14 165
14 166
14 167
14 168
14 169
14 170
14 171
14 172
15 173
15 174
15 175
15 176
15 177
15 178
15 179
15 180
15 181
15 182
15 183
15 184
16 185
16 186
16 187
16 188
16 189
16 190
16 191
16 192
16 193
16 194
16 195
16 196
